function [tunning_non_deflated, tunning_deflated] = tunning_data()
tunning_non_deflated = 1000000*[
    0.15 1.31 2.11;
    0.16 1.38 2.24;
    0.19 1.34 2.23;
    0.2  1.3  2.22;
    0.15 1.25 2.24;
    0.2  1.27 2.04;
    0.22 1.34 2.36;
    0.4  1.53 2.67;
    0.31 1.28 2.39;
    1.06 1.37 2.65;
    16.85 1.33 14.71;
    15.4 1.41 8.45
];

tunning_deflated = 1000000*[
    0.13 1.28 2.22;
    0.17 1.41 2.23;
    0.18 1.28 2.17;
    0.18 1.37 2.2;
    0.14 1.25 2.21;
    0.15 1.39 2.17;
    0.16 1.42 2.01;
    0.2  1.33 2.2;
    0.15 1.41 2.06;
    0.16 1.23 2.16;
    0.17 1.39 2.21;
    0.19 1.37 2.35
];


end